1 0.812016 0.616206 0.033333 0.076633
1 0.683333 0.613065 0.037984 0.092965
1 0.663953 0.618090 0.024031 0.055276
1 0.381783 0.599874 0.027132 0.059045
1 0.342636 0.606156 0.027907 0.059045
1 0.279070 0.584171 0.041860 0.100503
1 0.202713 0.603643 0.028682 0.074121
1 0.097287 0.599874 0.033333 0.061558
0 0.096899 0.609296 0.027907 0.037688
0 0.201163 0.618719 0.019380 0.036432
0 0.281008 0.587312 0.027132 0.066583
0 0.342636 0.611181 0.012403 0.036432
0 0.379845 0.610553 0.017054 0.027638
0 0.686434 0.620603 0.020930 0.055276
2 0.817054 0.620603 0.026357 0.047739
