0 0.334263 0.614058 0.035857 0.055703
0 0.396813 0.624668 0.019124 0.034483
0 0.466135 0.624668 0.020717 0.042440
0 0.776892 0.644562 0.033466 0.053050
0 0.286853 0.630637 0.020717 0.041114
0 0.178088 0.627321 0.027888 0.029178
2 0.964542 0.654509 0.027888 0.057029
1 0.958964 0.647878 0.034263 0.086207
1 0.776494 0.631300 0.039044 0.100796
1 0.464143 0.615385 0.021514 0.063660
1 0.396016 0.617374 0.022311 0.064987
1 0.331873 0.598143 0.042231 0.111406
1 0.287649 0.621353 0.025498 0.059682
1 0.177689 0.616711 0.033466 0.063660